onset;duration;period;division;bar;beat;tatum;beat_duration;signature;pitch;phrase_id;phrase_begin
0.0;0.0833333333333;2;6;0;2;5;0.5;"""6/8""";74;1;1
0.0833333333333;0.0833333333333;2;6;0;2;6;0.5;"""6/8""";72;1;0
0.166666666667;0.25;2;6;1;1;1;0.5;"""6/8""";71;1;0
0.416666666667;0.0833333333333;2;6;1;1;4;0.5;"""6/8""";72;1;0
0.5;0.166666666667;2;6;1;1;5;0.5;"""6/8""";71;1;0
0.666666666667;0.166666666667;2;3;1;2;1;0.5;"""6/8""";69;1;0
0.833333333333;0.166666666667;2;3;1;2;2;0.5;"""6/8""";71;1;0
1.0;0.166666666667;2;3;1;2;3;0.5;"""6/8""";69;1;0
1.16666666667;0.5;2;1;2;1;1;0.5;"""6/8""";67;1;0
2.0;0.0833333333333;2;6;2;2;5;0.5;"""6/8""";74;2;1
2.08333333333;0.0833333333333;2;6;2;2;6;0.5;"""6/8""";72;2;0
2.16666666667;0.25;2;6;3;1;1;0.5;"""6/8""";71;2;0
2.41666666667;0.0833333333333;2;6;3;1;4;0.5;"""6/8""";72;2;0
2.5;0.166666666667;2;6;3;1;5;0.5;"""6/8""";71;2;0
2.66666666667;0.166666666667;2;3;3;2;1;0.5;"""6/8""";69;2;0
2.83333333333;0.166666666667;2;3;3;2;2;0.5;"""6/8""";71;2;0
3.0;0.166666666667;2;3;3;2;3;0.5;"""6/8""";69;2;0
3.16666666667;0.5;2;1;4;1;1;0.5;"""6/8""";67;2;0
4.0;0.166666666667;2;3;4;2;3;0.5;"""6/8""";71;3;1
4.16666666667;0.166666666667;2;3;5;1;1;0.5;"""6/8""";69;3;0
4.33333333333;0.166666666667;2;3;5;1;2;0.5;"""6/8""";71;3;0
4.5;0.166666666667;2;3;5;1;3;0.5;"""6/8""";73;3;0
4.66666666667;0.166666666667;2;3;5;2;1;0.5;"""6/8""";74;3;0
4.83333333333;0.166666666667;2;3;5;2;2;0.5;"""6/8""";69;3;0
5.0;0.166666666667;2;3;5;2;3;0.5;"""6/8""";66;3;0
5.16666666667;0.166666666667;2;3;6;1;1;0.5;"""6/8""";67;3;0
5.33333333333;0.166666666667;2;3;6;1;2;0.5;"""6/8""";64;3;0
5.5;0.166666666667;2;3;6;1;3;0.5;"""6/8""";69;3;0
5.66666666667;0.333333333333;2;3;6;2;1;0.5;"""6/8""";62;3;0
6.0;0.166666666667;2;3;6;2;3;0.5;"""6/8""";71;4;1
6.16666666667;0.166666666667;2;3;7;1;1;0.5;"""6/8""";69;4;0
6.33333333333;0.166666666667;2;3;7;1;2;0.5;"""6/8""";71;4;0
6.5;0.166666666667;2;3;7;1;3;0.5;"""6/8""";73;4;0
6.66666666667;0.166666666667;2;3;7;2;1;0.5;"""6/8""";74;4;0
6.83333333333;0.166666666667;2;3;7;2;2;0.5;"""6/8""";69;4;0
7.0;0.166666666667;2;3;7;2;3;0.5;"""6/8""";66;4;0
7.16666666667;0.166666666667;2;3;8;1;1;0.5;"""6/8""";67;4;0
7.33333333333;0.166666666667;2;3;8;1;2;0.5;"""6/8""";64;4;0
7.5;0.166666666667;2;3;8;1;3;0.5;"""6/8""";69;4;0
7.66666666667;0.333333333333;2;3;8;2;1;0.5;"""6/8""";62;4;0
8.0;0.166666666667;2;3;8;2;3;0.5;"""6/8""";72;5;1
8.16666666667;0.166666666667;2;3;9;1;1;0.5;"""6/8""";71;5;0
8.33333333333;0.166666666667;2;3;9;1;2;0.5;"""6/8""";69;5;0
8.5;0.166666666667;2;3;9;1;3;0.5;"""6/8""";69;5;0
8.66666666667;0.166666666667;2;3;9;2;1;0.5;"""6/8""";69;5;0
8.83333333333;0.166666666667;2;3;9;2;2;0.5;"""6/8""";67;5;0
9.0;0.166666666667;2;3;9;2;3;0.5;"""6/8""";67;5;0
9.16666666667;0.166666666667;2;3;10;1;1;0.5;"""6/8""";66;5;0
9.33333333333;0.166666666667;2;3;10;1;2;0.5;"""6/8""";64;5;0
9.5;0.166666666667;2;3;10;1;3;0.5;"""6/8""";66;5;0
9.66666666667;0.333333333333;2;3;10;2;1;0.5;"""6/8""";67;5;0
10.0;0.166666666667;2;3;10;2;3;0.5;"""6/8""";72;6;1
10.1666666667;0.166666666667;2;3;11;1;1;0.5;"""6/8""";71;6;0
10.3333333333;0.166666666667;2;3;11;1;2;0.5;"""6/8""";69;6;0
10.5;0.166666666667;2;3;11;1;3;0.5;"""6/8""";69;6;0
10.6666666667;0.166666666667;2;3;11;2;1;0.5;"""6/8""";69;6;0
10.8333333333;0.166666666667;2;3;11;2;2;0.5;"""6/8""";67;6;0
11.0;0.166666666667;2;3;11;2;3;0.5;"""6/8""";67;6;0
11.1666666667;0.166666666667;2;3;12;1;1;0.5;"""6/8""";66;6;0
11.3333333333;0.166666666667;2;3;12;1;2;0.5;"""6/8""";64;6;0
11.5;0.166666666667;2;3;12;1;3;0.5;"""6/8""";66;6;0
11.6666666667;0.333333333333;2;3;12;2;1;0.5;"""6/8""";67;6;0
12.0;0.166666666667;2;3;12;2;3;0.5;"""6/8""";62;7;1
12.1666666667;0.166666666667;2;3;13;1;1;0.5;"""6/8""";67;7;0
12.3333333333;0.166666666667;2;3;13;1;2;0.5;"""6/8""";67;7;0
12.5;0.166666666667;2;3;13;1;3;0.5;"""6/8""";67;7;0
12.6666666667;0.166666666667;2;3;13;2;1;0.5;"""6/8""";70;7;0
12.8333333333;0.166666666667;2;3;13;2;2;0.5;"""6/8""";69;7;0
13.0;0.166666666667;2;3;13;2;3;0.5;"""6/8""";67;7;0
13.1666666667;0.166666666667;2;3;14;1;1;0.5;"""6/8""";66;7;0
13.3333333333;0.166666666667;2;3;14;1;2;0.5;"""6/8""";67;7;0
13.5;0.166666666667;2;3;14;1;3;0.5;"""6/8""";69;7;0
13.6666666667;0.333333333333;2;3;14;2;1;0.5;"""6/8""";62;7;0
14.0;0.166666666667;2;3;14;2;3;0.5;"""6/8""";62;8;1
14.1666666667;0.166666666667;2;3;15;1;1;0.5;"""6/8""";67;8;0
14.3333333333;0.166666666667;2;3;15;1;2;0.5;"""6/8""";67;8;0
14.5;0.166666666667;2;3;15;1;3;0.5;"""6/8""";67;8;0
14.6666666667;0.166666666667;2;3;15;2;1;0.5;"""6/8""";70;8;0
14.8333333333;0.166666666667;2;3;15;2;2;0.5;"""6/8""";69;8;0
15.0;0.166666666667;2;3;15;2;3;0.5;"""6/8""";67;8;0
15.1666666667;0.166666666667;2;3;16;1;1;0.5;"""6/8""";66;8;0
15.3333333333;0.166666666667;2;3;16;1;2;0.5;"""6/8""";67;8;0
15.5;0.166666666667;2;3;16;1;3;0.5;"""6/8""";69;8;0
15.6666666667;0.333333333333;2;1;16;2;1;0.5;"""6/8""";62;8;0
16.1666666667;0.5;2;1;17;1;1;0.5;"""6/8""";71;9;1
16.6666666667;0.5;2;1;17;2;1;0.5;"""6/8""";67;9;0
17.1666666667;0.5;2;1;18;1;1;0.5;"""6/8""";71;9;0
17.6666666667;0.5;2;1;18;2;1;0.5;"""6/8""";67;9;0
