onset;duration;period;division;bar;beat;tatum;beat_duration;signature;pitch;phrase_id;phrase_begin;chorus_id;chord;form
22.8571428571;0.357142857143;4;1;17;1;1;0.357142857143;"""4/4""";53;1;1;1;F7;A1
23.3928571429;0.0446428571429;4;8;17;2;5;0.357142857143;"""4/4""";57;1;0;1;F7;A1
23.4375;0.0446428571429;4;8;17;2;6;0.357142857143;"""4/4""";60;1;0;1;F7;A1
23.4821428571;0.0446428571429;4;8;17;2;7;0.357142857143;"""4/4""";62;1;0;1;F7;A1
23.5267857143;0.0446428571429;4;8;17;2;8;0.357142857143;"""4/4""";65;1;0;1;F7;A1
23.5714285714;0.178571428571;4;2;17;3;1;0.357142857143;"""4/4""";62;1;0;1;F7;A1
23.75;0.178571428571;4;2;17;3;2;0.357142857143;"""4/4""";57;1;0;1;F7;A1
23.9285714286;0.178571428571;4;2;17;4;1;0.357142857143;"""4/4""";58;1;0;1;F7;A1
24.1071428571;0.178571428571;4;2;17;4;2;0.357142857143;"""4/4""";60;1;0;1;F7;A1
24.4642857143;0.178571428571;4;2;18;1;2;0.357142857143;"""4/4""";57;1;0;1;G-;A1
24.6428571429;0.0892857142857;4;4;18;2;1;0.357142857143;"""4/4""";58;1;0;1;G-;A1
24.7321428571;0.0892857142857;4;4;18;2;2;0.357142857143;"""4/4""";62;1;0;1;G-;A1
24.8214285714;0.0892857142857;4;4;18;2;3;0.357142857143;"""4/4""";65;1;0;1;G-;A1
24.9107142857;0.0892857142857;4;4;18;2;4;0.357142857143;"""4/4""";69;1;0;1;G-;A1
25.0;0.178571428571;4;4;18;3;1;0.357142857143;"""4/4""";68;1;0;1;C7;A1
25.1785714286;0.0892857142857;4;4;18;3;3;0.357142857143;"""4/4""";64;1;0;1;C7;A1
25.2678571429;0.0892857142857;4;4;18;3;4;0.357142857143;"""4/4""";60;1;0;1;C7;A1
25.3571428571;0.178571428571;4;2;18;4;1;0.357142857143;"""4/4""";58;1;0;1;C7;A1
25.5357142857;0.178571428571;4;2;18;4;2;0.357142857143;"""4/4""";60;1;0;1;C7;A1
25.7142857143;0.357142857143;4;1;19;1;1;0.357142857143;"""4/4""";53;2;1;1;F7;A1
26.25;0.0446428571429;4;8;19;2;5;0.357142857143;"""4/4""";57;2;0;1;F7;A1
26.2946428571;0.0446428571429;4;8;19;2;6;0.357142857143;"""4/4""";60;2;0;1;F7;A1
26.3392857143;0.0446428571429;4;8;19;2;7;0.357142857143;"""4/4""";62;2;0;1;F7;A1
26.3839285714;0.0446428571429;4;8;19;2;8;0.357142857143;"""4/4""";65;2;0;1;F7;A1
26.4285714286;0.357142857143;4;1;19;3;1;0.357142857143;"""4/4""";62;2;0;1;F7;A1
27.3214285714;0.0892857142857;4;4;20;1;3;0.357142857143;"""4/4""";60;3;1;1;C-;A1
27.4107142857;0.0892857142857;4;4;20;1;4;0.357142857143;"""4/4""";63;3;0;1;C-;A1
27.5;0.178571428571;4;2;20;2;1;0.357142857143;"""4/4""";67;3;0;1;C-;A1
27.6785714286;0.178571428571;4;2;20;2;2;0.357142857143;"""4/4""";70;3;0;1;C-;A1
27.8571428571;0.178571428571;4;2;20;3;1;0.357142857143;"""4/4""";74;3;0;1;F7;A1
28.0357142857;0.178571428571;4;2;20;3;2;0.357142857143;"""4/4""";73;3;0;1;F7;A1
28.2142857143;0.178571428571;4;2;20;4;1;0.357142857143;"""4/4""";72;3;0;1;F7;A1
28.3928571429;0.178571428571;4;2;20;4;2;0.357142857143;"""4/4""";71;3;0;1;F7;A1
28.5714285714;0.178571428571;4;2;21;1;1;0.357142857143;"""4/4""";70;3;0;1;Bb7;A1
28.75;0.178571428571;4;2;21;1;2;0.357142857143;"""4/4""";65;3;0;1;Bb7;A1
28.9285714286;0.178571428571;4;2;21;2;1;0.357142857143;"""4/4""";67;3;0;1;Bb7;A1
29.1071428571;0.178571428571;4;2;21;2;2;0.357142857143;"""4/4""";68;3;0;1;Bb7;A1
31.9642857143;0.0892857142857;4;4;23;2;3;0.357142857143;"""4/4""";69;4;1;1;F7;A1
32.0535714286;0.0892857142857;4;4;23;2;4;0.357142857143;"""4/4""";70;4;0;1;F7;A1
32.1428571429;0.178571428571;4;4;23;3;1;0.357142857143;"""4/4""";72;4;0;1;F7;A1
32.3214285714;0.0892857142857;4;4;23;3;3;0.357142857143;"""4/4""";77;4;0;1;F7;A1
32.4107142857;0.0892857142857;4;4;23;3;4;0.357142857143;"""4/4""";76;4;0;1;F7;A1
32.5;0.178571428571;4;4;23;4;1;0.357142857143;"""4/4""";74;4;0;1;F7;A1
32.6785714286;0.0892857142857;4;4;23;4;3;0.357142857143;"""4/4""";69;4;0;1;F7;A1
32.7678571429;0.0892857142857;4;4;23;4;4;0.357142857143;"""4/4""";70;4;0;1;F7;A1
32.8571428571;0.178571428571;4;2;24;1;1;0.357142857143;"""4/4""";72;4;0;1;F7;A1
33.2142857143;0.0892857142857;4;4;24;2;1;0.357142857143;"""4/4""";75;4;0;1;F7;A1
33.3035714286;0.0892857142857;4;4;24;2;2;0.357142857143;"""4/4""";74;4;0;1;F7;A1
33.3928571429;0.0892857142857;4;4;24;2;3;0.357142857143;"""4/4""";72;4;0;1;F7;A1
33.4821428571;0.0892857142857;4;4;24;2;4;0.357142857143;"""4/4""";70;4;0;1;F7;A1
33.5714285714;0.0892857142857;4;4;24;3;1;0.357142857143;"""4/4""";69;4;0;1;D7;A1
33.6607142857;0.0892857142857;4;4;24;3;2;0.357142857143;"""4/4""";67;4;0;1;D7;A1
33.75;0.0892857142857;4;4;24;3;3;0.357142857143;"""4/4""";66;4;0;1;D7;A1
33.8392857143;0.0892857142857;4;4;24;3;4;0.357142857143;"""4/4""";67;4;0;1;D7;A1
33.9285714286;0.357142857143;4;1;24;4;1;0.357142857143;"""4/4""";69;4;0;1;D7;A1
34.6428571429;0.0892857142857;4;4;25;2;1;0.357142857143;"""4/4""";66;5;1;1;G-;A1
34.7321428571;0.0892857142857;4;4;25;2;2;0.357142857143;"""4/4""";67;5;0;1;G-;A1
34.8214285714;0.0892857142857;4;4;25;2;3;0.357142857143;"""4/4""";70;5;0;1;G-;A1
34.9107142857;0.0892857142857;4;4;25;2;4;0.357142857143;"""4/4""";74;5;0;1;G-;A1
35.0;0.0892857142857;4;4;25;3;1;0.357142857143;"""4/4""";77;5;0;1;G-;A1
35.0892857143;0.0892857142857;4;4;25;3;2;0.357142857143;"""4/4""";74;5;0;1;G-;A1
35.1785714286;0.0892857142857;4;4;25;3;3;0.357142857143;"""4/4""";75;5;0;1;G-;A1
35.2678571429;0.0892857142857;4;4;25;3;4;0.357142857143;"""4/4""";76;5;0;1;G-;A1
35.3571428571;0.0892857142857;4;4;25;4;1;0.357142857143;"""4/4""";72;5;0;1;G-;A1
35.4464285714;0.0892857142857;4;4;25;4;2;0.357142857143;"""4/4""";73;5;0;1;G-;A1
35.5357142857;0.0892857142857;4;4;25;4;3;0.357142857143;"""4/4""";74;5;0;1;G-;A1
35.625;0.0892857142857;4;4;25;4;4;0.357142857143;"""4/4""";72;5;0;1;G-;A1
35.7142857143;0.0892857142857;4;4;26;1;1;0.357142857143;"""4/4""";70;5;0;1;C7;A1
35.8035714286;0.0892857142857;4;4;26;1;2;0.357142857143;"""4/4""";69;5;0;1;C7;A1
35.8928571429;0.0892857142857;4;4;26;1;3;0.357142857143;"""4/4""";67;5;0;1;C7;A1
35.9821428571;0.0892857142857;4;4;26;1;4;0.357142857143;"""4/4""";65;5;0;1;C7;A1
36.0714285714;0.0892857142857;4;4;26;2;1;0.357142857143;"""4/4""";64;5;0;1;C7;A1
36.1607142857;0.0892857142857;4;4;26;2;2;0.357142857143;"""4/4""";55;5;0;1;C7;A1
36.25;0.0892857142857;4;4;26;2;3;0.357142857143;"""4/4""";58;5;0;1;C7;A1
36.3392857143;0.0892857142857;4;4;26;2;4;0.357142857143;"""4/4""";61;5;0;1;C7;A1
36.4285714286;0.0892857142857;4;4;26;3;1;0.357142857143;"""4/4""";60;5;0;1;C7;A1
36.5178571429;0.0892857142857;4;4;26;3;2;0.357142857143;"""4/4""";58;5;0;1;C7;A1
36.6071428571;0.0892857142857;4;4;26;3;3;0.357142857143;"""4/4""";57;5;0;1;C7;A1
36.6964285714;0.0892857142857;4;4;26;3;4;0.357142857143;"""4/4""";60;5;0;1;C7;A1
36.7857142857;0.0892857142857;4;4;26;4;1;0.357142857143;"""4/4""";63;5;0;1;C7;A1
36.875;0.0892857142857;4;4;26;4;2;0.357142857143;"""4/4""";64;5;0;1;C7;A1
36.9642857143;0.0892857142857;4;4;26;4;3;0.357142857143;"""4/4""";67;5;0;1;C7;A1
37.0535714286;0.0892857142857;4;4;26;4;4;0.357142857143;"""4/4""";64;5;0;1;C7;A1
37.1428571429;0.0892857142857;4;4;27;1;1;0.357142857143;"""4/4""";65;5;0;1;F7;A1
37.2321428571;0.0892857142857;4;4;27;1;2;0.357142857143;"""4/4""";67;5;0;1;F7;A1
37.3214285714;0.0892857142857;4;4;27;1;3;0.357142857143;"""4/4""";69;5;0;1;F7;A1
37.4107142857;0.0892857142857;4;4;27;1;4;0.357142857143;"""4/4""";70;5;0;1;F7;A1
37.5;0.0892857142857;4;4;27;2;1;0.357142857143;"""4/4""";72;5;0;1;F7;A1
37.5892857143;0.0892857142857;4;4;27;2;2;0.357142857143;"""4/4""";70;5;0;1;F7;A1
37.6785714286;0.0892857142857;4;4;27;2;3;0.357142857143;"""4/4""";69;5;0;1;F7;A1
37.7678571429;0.0892857142857;4;4;27;2;4;0.357142857143;"""4/4""";72;5;0;1;F7;A1
37.8571428571;0.0892857142857;4;4;27;3;1;0.357142857143;"""4/4""";67;5;0;1;F7;A1
37.9464285714;0.0892857142857;4;4;27;3;2;0.357142857143;"""4/4""";69;5;0;1;F7;A1
38.0357142857;0.0892857142857;4;4;27;3;3;0.357142857143;"""4/4""";70;5;0;1;F7;A1
38.125;0.0892857142857;4;4;27;3;4;0.357142857143;"""4/4""";74;5;0;1;F7;A1
38.2142857143;0.0892857142857;4;4;27;4;1;0.357142857143;"""4/4""";68;5;0;1;F7;A1
38.3035714286;0.0892857142857;4;4;27;4;2;0.357142857143;"""4/4""";71;5;0;1;F7;A1
38.3928571429;0.0892857142857;4;4;27;4;3;0.357142857143;"""4/4""";76;5;0;1;F7;A1
38.4821428571;0.0892857142857;4;4;27;4;4;0.357142857143;"""4/4""";74;5;0;1;F7;A1
38.5714285714;0.357142857143;4;1;28;1;1;0.357142857143;"""4/4""";72;5;0;1;G-;A1
39.4642857143;0.178571428571;4;2;28;3;2;0.357142857143;"""4/4""";69;6;1;1;C7;A1
39.6428571429;0.0595238095238;4;6;28;4;1;0.357142857143;"""4/4""";70;6;0;1;C7;A1
39.7023809524;0.0595238095238;4;6;28;4;2;0.357142857143;"""4/4""";72;6;0;1;C7;A1
39.7619047619;0.0595238095238;4;6;28;4;3;0.357142857143;"""4/4""";70;6;0;1;C7;A1
39.8214285714;0.178571428571;4;6;28;4;4;0.357142857143;"""4/4""";69;6;0;1;C7;A1
40.0;0.357142857143;4;1;29;1;1;0.357142857143;"""4/4""";65;6;0;1;F7;A1
40.5357142857;0.178571428571;4;2;29;2;2;0.357142857143;"""4/4""";60;6;0;1;F7;A1
41.6071428571;0.0892857142857;4;4;30;1;3;0.357142857143;"""4/4""";62;6;0;1;F7;A1
41.6964285714;0.0892857142857;4;4;30;1;4;0.357142857143;"""4/4""";64;6;0;1;F7;A1
41.7857142857;0.178571428571;4;2;30;2;1;0.357142857143;"""4/4""";65;6;0;1;F7;A1
41.9642857143;0.178571428571;4;2;30;2;2;0.357142857143;"""4/4""";67;6;0;1;F7;A1
42.1428571429;0.178571428571;4;2;30;3;1;0.357142857143;"""4/4""";69;6;0;1;F7;A1
42.3214285714;0.178571428571;4;2;30;3;2;0.357142857143;"""4/4""";64;6;0;1;F7;A1
42.5;0.178571428571;4;2;30;4;1;0.357142857143;"""4/4""";65;6;0;1;F7;A1
42.6785714286;0.178571428571;4;2;30;4;2;0.357142857143;"""4/4""";67;6;0;1;F7;A1
42.8571428571;0.357142857143;4;1;31;1;1;0.357142857143;"""4/4""";65;6;0;1;F7;A1
43.3928571429;0.178571428571;4;2;31;2;2;0.357142857143;"""4/4""";59;7;1;2;F7;A1
43.5714285714;0.535714285714;4;1;31;3;1;0.357142857143;"""4/4""";60;7;0;2;F7;A1
44.1071428571;0.178571428571;4;2;31;4;2;0.357142857143;"""4/4""";58;7;0;2;F7;A1
44.2857142857;0.0892857142857;4;4;32;1;1;0.357142857143;"""4/4""";57;7;0;2;C-;A1
44.375;0.0892857142857;4;4;32;1;2;0.357142857143;"""4/4""";60;7;0;2;C-;A1
44.4642857143;0.0892857142857;4;4;32;1;3;0.357142857143;"""4/4""";63;7;0;2;C-;A1
44.5535714286;0.0892857142857;4;4;32;1;4;0.357142857143;"""4/4""";67;7;0;2;C-;A1
44.6428571429;0.178571428571;4;2;32;2;1;0.357142857143;"""4/4""";74;7;0;2;C-;A1
44.8214285714;0.178571428571;4;2;32;2;2;0.357142857143;"""4/4""";72;7;0;2;C-;A1
46.9642857143;0.0595238095238;4;6;33;4;4;0.357142857143;"""4/4""";65;8;1;2;Bb7;A1
47.0238095238;0.0595238095238;4;6;33;4;5;0.357142857143;"""4/4""";65;8;0;2;Bb7;A1
47.0833333333;0.0595238095238;4;6;33;4;6;0.357142857143;"""4/4""";65;8;0;2;Bb7;A1
47.380952381;0.238095238095;4;3;34;1;3;0.357142857143;"""4/4""";71;8;0;2;Bb7;A1
47.619047619;0.238095238095;4;3;34;2;2;0.357142857143;"""4/4""";70;8;0;2;Bb7;A1
47.8571428571;0.0595238095238;4;6;34;3;1;0.357142857143;"""4/4""";68;8;0;2;Bb7;A1
47.9166666667;0.0595238095238;4;6;34;3;2;0.357142857143;"""4/4""";70;8;0;2;Bb7;A1
47.9761904762;0.0595238095238;4;6;34;3;3;0.357142857143;"""4/4""";68;8;0;2;Bb7;A1
48.0357142857;0.178571428571;4;6;34;3;4;0.357142857143;"""4/4""";65;8;0;2;Bb7;A1
48.2142857143;0.119047619048;4;3;34;4;1;0.357142857143;"""4/4""";63;8;0;2;Bb7;A1
48.3333333333;0.119047619048;4;3;34;4;2;0.357142857143;"""4/4""";60;8;0;2;Bb7;A1
48.4523809524;0.119047619048;4;3;34;4;3;0.357142857143;"""4/4""";58;8;0;2;Bb7;A1
48.5714285714;0.178571428571;4;2;35;1;1;0.357142857143;"""4/4""";56;8;0;2;F7;A1
48.75;0.178571428571;4;2;35;1;2;0.357142857143;"""4/4""";57;8;0;2;F7;A1
48.9285714286;0.178571428571;4;2;35;2;1;0.357142857143;"""4/4""";53;8;0;2;F7;A1
49.1071428571;0.178571428571;4;2;35;2;2;0.357142857143;"""4/4""";56;8;0;2;F7;A1
49.2857142857;0.714285714286;4;1;35;3;1;0.357142857143;"""4/4""";57;8;0;2;F7;A1
50.1785714286;0.0892857142857;4;4;36;1;3;0.357142857143;"""4/4""";57;9;1;2;A-;A1
50.2678571429;0.0892857142857;4;4;36;1;4;0.357142857143;"""4/4""";60;9;0;2;A-;A1
50.3571428571;0.178571428571;4;2;36;2;1;0.357142857143;"""4/4""";64;9;0;2;A-;A1
50.5357142857;0.178571428571;4;2;36;2;2;0.357142857143;"""4/4""";67;9;0;2;A-;A1
50.7142857143;0.178571428571;4;2;36;3;1;0.357142857143;"""4/4""";66;9;0;2;Ab-;A1
50.8928571429;0.178571428571;4;2;36;3;2;0.357142857143;"""4/4""";63;9;0;2;Ab-;A1
51.0714285714;0.178571428571;4;2;36;4;1;0.357142857143;"""4/4""";59;9;0;2;Ab-;A1
51.25;0.178571428571;4;2;36;4;2;0.357142857143;"""4/4""";56;9;0;2;Ab-;A1
51.4285714286;0.178571428571;4;2;37;1;1;0.357142857143;"""4/4""";54;9;0;2;G-;A1
51.6071428571;0.178571428571;4;2;37;1;2;0.357142857143;"""4/4""";55;9;0;2;G-;A1
51.7857142857;0.178571428571;4;2;37;2;1;0.357142857143;"""4/4""";58;9;0;2;G-;A1
51.9642857143;0.178571428571;4;2;37;2;2;0.357142857143;"""4/4""";62;9;0;2;G-;A1
52.1428571429;0.178571428571;4;2;37;3;1;0.357142857143;"""4/4""";65;9;0;2;G-;A1
52.3214285714;0.178571428571;4;2;37;3;2;0.357142857143;"""4/4""";62;9;0;2;G-;A1
52.5;0.178571428571;4;2;37;4;1;0.357142857143;"""4/4""";64;9;0;2;G-;A1
52.6785714286;0.178571428571;4;2;37;4;2;0.357142857143;"""4/4""";72;9;0;2;G-;A1
53.3928571429;0.178571428571;4;2;38;2;2;0.357142857143;"""4/4""";60;10;1;2;C7;A1
53.5714285714;0.178571428571;4;4;38;3;1;0.357142857143;"""4/4""";68;10;0;2;C7;A1
53.75;0.0892857142857;4;4;38;3;3;0.357142857143;"""4/4""";64;10;0;2;C7;A1
53.8392857143;0.0892857142857;4;4;38;3;4;0.357142857143;"""4/4""";60;10;0;2;C7;A1
53.9285714286;0.178571428571;4;2;38;4;1;0.357142857143;"""4/4""";58;10;0;2;C7;A1
54.1071428571;0.178571428571;4;2;38;4;2;0.357142857143;"""4/4""";60;10;0;2;C7;A1
54.2857142857;0.357142857143;4;1;39;1;1;0.357142857143;"""4/4""";67;10;0;2;F7;A1
54.6428571429;0.357142857143;4;1;39;2;1;0.357142857143;"""4/4""";72;10;0;2;F7;A1
55.1785714286;0.178571428571;4;2;39;3;2;0.357142857143;"""4/4""";67;10;0;2;F7;A1
55.3571428571;0.357142857143;4;1;39;4;1;0.357142857143;"""4/4""";68;10;0;2;F7;A1
56.0714285714;0.357142857143;4;1;40;2;1;0.357142857143;"""4/4""";72;10;0;2;G-;A1
56.6071428571;0.178571428571;4;2;40;3;2;0.357142857143;"""4/4""";60;10;0;2;C7;A1
56.7857142857;0.357142857143;4;1;40;4;1;0.357142857143;"""4/4""";69;10;0;2;C7;A1
57.5;0.357142857143;4;1;41;2;1;0.357142857143;"""4/4""";72;10;0;2;F7;A1
