onset;duration;period;division;bar;beat;tatum;beat_duration;signature;pitch;phrase_id;phrase_begin;chorus_id;chord;form
77.04;0.12;4;4;41;1;3;0.48;"""4/4""";58;1;1;1;Eb7;I1
77.16;0.12;4;4;41;1;4;0.48;"""4/4""";60;1;0;1;Eb7;I1
77.28;0.12;4;4;41;2;1;0.48;"""4/4""";63;1;0;1;Eb7;I1
77.4;0.12;4;4;41;2;2;0.48;"""4/4""";67;1;0;1;Eb7;I1
77.52;0.12;4;4;41;2;3;0.48;"""4/4""";68;1;0;1;Eb7;I1
77.64;0.12;4;4;41;2;4;0.48;"""4/4""";63;1;0;1;Eb7;I1
77.76;0.12;4;4;41;3;1;0.48;"""4/4""";67;1;0;1;Eb7;I1
77.88;0.36;4;4;41;3;2;0.48;"""4/4""";68;1;0;1;Eb7;I1
78.96;0.24;4;2;42;1;2;0.48;"""4/4""";63;1;0;1;Eb7;I1
79.2;0.12;4;4;42;2;1;0.48;"""4/4""";66;1;0;1;Eb7;I1
79.32;0.12;4;4;42;2;2;0.48;"""4/4""";68;1;0;1;Eb7;I1
79.44;0.12;4;4;42;2;3;0.48;"""4/4""";69;1;0;1;Eb7;I1
79.56;0.12;4;4;42;2;4;0.48;"""4/4""";70;1;0;1;Eb7;I1
79.68;0.04;4;12;42;3;1;0.48;"""4/4""";69;1;0;1;Eb7;I1
79.72;0.04;4;12;42;3;2;0.48;"""4/4""";70;1;0;1;Eb7;I1
79.76;0.04;4;12;42;3;3;0.48;"""4/4""";69;1;0;1;Eb7;I1
79.8;0.12;4;12;42;3;4;0.48;"""4/4""";68;1;0;1;Eb7;I1
79.92;0.12;4;12;42;3;7;0.48;"""4/4""";67;1;0;1;Eb7;I1
80.04;0.12;4;12;42;3;10;0.48;"""4/4""";65;1;0;1;Eb7;I1
80.28;0.12;4;4;42;4;2;0.48;"""4/4""";63;1;0;1;Eb7;I1
80.4;0.12;4;4;42;4;3;0.48;"""4/4""";62;1;0;1;Eb7;I1
80.52;0.12;4;4;42;4;4;0.48;"""4/4""";65;1;0;1;Eb7;I1
80.64;0.12;4;4;43;1;1;0.48;"""4/4""";68;1;0;1;Eb7;I1
80.76;0.12;4;4;43;1;2;0.48;"""4/4""";71;1;0;1;Eb7;I1
80.88;0.12;4;4;43;1;3;0.48;"""4/4""";70;1;0;1;Eb7;I1
81.0;0.12;4;4;43;1;4;0.48;"""4/4""";68;1;0;1;Eb7;I1
81.12;0.12;4;4;43;2;1;0.48;"""4/4""";67;1;0;1;Eb7;I1
81.24;0.12;4;4;43;2;2;0.48;"""4/4""";65;1;0;1;Eb7;I1
81.36;0.12;4;4;43;2;3;0.48;"""4/4""";63;1;0;1;Eb7;I1
81.48;0.12;4;4;43;2;4;0.48;"""4/4""";58;1;0;1;Eb7;I1
81.6;0.12;4;4;43;3;1;0.48;"""4/4""";62;1;0;1;Eb7;I1
81.72;0.12;4;4;43;3;2;0.48;"""4/4""";63;1;0;1;Eb7;I1
81.84;0.12;4;4;43;3;3;0.48;"""4/4""";65;1;0;1;Eb7;I1
81.96;0.12;4;4;43;3;4;0.48;"""4/4""";62;1;0;1;Eb7;I1
82.08;0.12;4;4;43;4;1;0.48;"""4/4""";63;1;0;1;Eb7;I1
82.2;0.12;4;4;43;4;2;0.48;"""4/4""";58;1;0;1;Eb7;I1
82.32;0.12;4;4;43;4;3;0.48;"""4/4""";60;1;0;1;Eb7;I1
82.44;0.12;4;4;43;4;4;0.48;"""4/4""";61;1;0;1;Eb7;I1
84.72;0.24;4;2;45;1;2;0.48;"""4/4""";63;2;1;1;Ab7;I1
84.96;0.24;4;4;45;2;1;0.48;"""4/4""";75;2;0;1;Ab7;I1
85.2;0.12;4;4;45;2;3;0.48;"""4/4""";72;2;0;1;Ab7;I1
85.32;0.12;4;4;45;2;4;0.48;"""4/4""";70;2;0;1;Ab7;I1
85.44;0.24;4;2;45;3;1;0.48;"""4/4""";66;2;0;1;Ab7;I1
85.68;0.24;4;2;45;3;2;0.48;"""4/4""";63;2;0;1;Ab7;I1
85.92;0.24;4;2;45;4;1;0.48;"""4/4""";65;2;0;1;Ab7;I1
86.16;0.24;4;2;45;4;2;0.48;"""4/4""";60;2;0;1;Ab7;I1
87.6;0.24;4;2;46;3;2;0.48;"""4/4""";53;3;1;1;Ab7;I1
87.84;0.12;4;4;46;4;1;0.48;"""4/4""";54;3;0;1;Ab7;I1
87.96;0.12;4;4;46;4;2;0.48;"""4/4""";56;3;0;1;Ab7;I1
88.08;0.12;4;4;46;4;3;0.48;"""4/4""";58;3;0;1;Ab7;I1
88.2;0.12;4;4;46;4;4;0.48;"""4/4""";60;3;0;1;Ab7;I1
88.32;0.36;4;4;47;1;1;0.48;"""4/4""";65;3;0;1;Eb7;I1
88.68;0.12;4;4;47;1;4;0.48;"""4/4""";62;3;0;1;Eb7;I1
88.8;0.12;4;4;47;2;1;0.48;"""4/4""";63;3;0;1;Eb7;I1
88.92;0.36;4;4;47;2;2;0.48;"""4/4""";58;3;0;1;Eb7;I1
90.48;0.12;4;4;48;1;3;0.48;"""4/4""";74;4;1;1;Eb7;I1
90.6;0.12;4;4;48;1;4;0.48;"""4/4""";73;4;0;1;Eb7;I1
90.72;0.12;4;4;48;2;1;0.48;"""4/4""";72;4;0;1;Eb7;I1
90.84;0.12;4;4;48;2;2;0.48;"""4/4""";71;4;0;1;Eb7;I1
90.96;0.12;4;4;48;2;3;0.48;"""4/4""";70;4;0;1;Eb7;I1
91.08;0.12;4;4;48;2;4;0.48;"""4/4""";68;4;0;1;Eb7;I1
91.2;0.12;4;4;48;3;1;0.48;"""4/4""";67;4;0;1;C7;I1
91.32;0.12;4;4;48;3;2;0.48;"""4/4""";65;4;0;1;C7;I1
91.44;0.12;4;4;48;3;3;0.48;"""4/4""";64;4;0;1;C7;I1
91.56;0.12;4;4;48;3;4;0.48;"""4/4""";55;4;0;1;C7;I1
91.68;0.12;4;4;48;4;1;0.48;"""4/4""";58;4;0;1;C7;I1
91.8;0.12;4;4;48;4;2;0.48;"""4/4""";61;4;0;1;C7;I1
91.92;0.12;4;4;48;4;3;0.48;"""4/4""";60;4;0;1;C7;I1
92.04;0.12;4;4;48;4;4;0.48;"""4/4""";59;4;0;1;C7;I1
92.16;0.12;4;4;49;1;1;0.48;"""4/4""";58;4;0;1;F-;I1
92.28;0.12;4;4;49;1;2;0.48;"""4/4""";57;4;0;1;F-;I1
92.4;0.12;4;4;49;1;3;0.48;"""4/4""";56;4;0;1;F-;I1
92.52;0.12;4;4;49;1;4;0.48;"""4/4""";60;4;0;1;F-;I1
92.64;0.12;4;4;49;2;1;0.48;"""4/4""";67;4;0;1;F-;I1
92.76;0.12;4;4;49;2;2;0.48;"""4/4""";65;4;0;1;F-;I1
92.88;0.12;4;4;49;2;3;0.48;"""4/4""";60;4;0;1;F-;I1
93.0;0.12;4;4;49;2;4;0.48;"""4/4""";56;4;0;1;F-;I1
93.12;0.12;4;4;49;3;1;0.48;"""4/4""";63;4;0;1;F-;I1
93.24;0.12;4;4;49;3;2;0.48;"""4/4""";61;4;0;1;F-;I1
93.36;0.12;4;4;49;3;3;0.48;"""4/4""";62;4;0;1;F-;I1
93.48;0.12;4;4;49;3;4;0.48;"""4/4""";71;4;0;1;F-;I1
93.6;0.12;4;4;49;4;1;0.48;"""4/4""";68;4;0;1;F-;I1
93.72;0.12;4;4;49;4;2;0.48;"""4/4""";69;4;0;1;F-;I1
93.84;0.12;4;4;49;4;3;0.48;"""4/4""";70;4;0;1;F-;I1
93.96;0.12;4;4;49;4;4;0.48;"""4/4""";57;4;0;1;F-;I1
94.08;0.12;4;4;50;1;1;0.48;"""4/4""";58;4;0;1;Bb7;I1
94.2;0.12;4;4;50;1;2;0.48;"""4/4""";68;4;0;1;Bb7;I1
94.32;0.12;4;4;50;1;3;0.48;"""4/4""";65;4;0;1;Bb7;I1
94.44;0.12;4;4;50;1;4;0.48;"""4/4""";66;4;0;1;Bb7;I1
94.56;0.12;4;4;50;2;1;0.48;"""4/4""";67;4;0;1;Bb7;I1
94.68;0.12;4;4;50;2;2;0.48;"""4/4""";65;4;0;1;Bb7;I1
94.8;0.12;4;4;50;2;3;0.48;"""4/4""";63;4;0;1;Bb7;I1
94.92;0.12;4;4;50;2;4;0.48;"""4/4""";60;4;0;1;Bb7;I1
95.04;0.12;4;4;50;3;1;0.48;"""4/4""";65;4;0;1;Bb7;I1
95.16;0.12;4;4;50;3;2;0.48;"""4/4""";67;4;0;1;Bb7;I1
95.28;0.12;4;4;50;3;3;0.48;"""4/4""";68;4;0;1;Bb7;I1
95.4;0.12;4;4;50;3;4;0.48;"""4/4""";70;4;0;1;Bb7;I1
95.52;0.08;4;12;50;4;1;0.48;"""4/4""";71;4;0;1;Bb7;I1
95.6;0.08;4;12;50;4;3;0.48;"""4/4""";73;4;0;1;Bb7;I1
95.68;0.08;4;12;50;4;5;0.48;"""4/4""";71;4;0;1;Bb7;I1
95.76;0.12;4;12;50;4;7;0.48;"""4/4""";70;4;0;1;Bb7;I1
95.88;0.12;4;12;50;4;10;0.48;"""4/4""";68;4;0;1;Bb7;I1
96.0;0.12;4;4;51;1;1;0.48;"""4/4""";67;4;0;1;Eb7;I1
96.12;0.12;4;4;51;1;2;0.48;"""4/4""";65;4;0;1;Eb7;I1
96.24;0.12;4;4;51;1;3;0.48;"""4/4""";63;4;0;1;Eb7;I1
96.36;0.12;4;4;51;1;4;0.48;"""4/4""";58;4;0;1;Eb7;I1
96.48;0.12;4;12;51;2;1;0.48;"""4/4""";61;4;0;1;Eb7;I1
96.6;0.12;4;12;51;2;4;0.48;"""4/4""";59;4;0;1;Eb7;I1
96.72;0.08;4;12;51;2;7;0.48;"""4/4""";60;4;0;1;Eb7;I1
96.8;0.08;4;12;51;2;9;0.48;"""4/4""";63;4;0;1;Eb7;I1
96.88;0.08;4;12;51;2;11;0.48;"""4/4""";67;4;0;1;Eb7;I1
96.96;0.12;4;4;51;3;1;0.48;"""4/4""";70;4;0;1;Eb7;I1
97.08;0.12;4;4;51;3;2;0.48;"""4/4""";68;4;0;1;Eb7;I1
97.2;0.12;4;4;51;3;3;0.48;"""4/4""";63;4;0;1;Eb7;I1
97.32;0.12;4;4;51;3;4;0.48;"""4/4""";60;4;0;1;Eb7;I1
97.44;0.24;4;4;51;4;1;0.48;"""4/4""";59;4;0;1;Eb7;I1
97.68;0.12;4;4;51;4;3;0.48;"""4/4""";68;4;0;1;Eb7;I1
97.8;0.12;4;4;51;4;4;0.48;"""4/4""";66;4;0;1;Eb7;I1
97.92;0.48;4;1;52;1;1;0.48;"""4/4""";67;4;0;1;F-;I1
100.08;0.24;4;2;53;1;2;0.48;"""4/4""";63;5;1;1;Eb7;A1
100.32;0.16;4;3;53;2;1;0.48;"""4/4""";67;5;0;2;Eb7;A1
100.48;0.16;4;3;53;2;2;0.48;"""4/4""";70;5;0;2;Eb7;A1
100.64;0.16;4;3;53;2;3;0.48;"""4/4""";72;5;0;2;Eb7;A1
100.8;0.48;4;1;53;3;1;0.48;"""4/4""";75;5;0;2;Eb7;A1
101.28;0.24;4;2;53;4;1;0.48;"""4/4""";72;5;0;2;Eb7;A1
101.52;0.24;4;2;53;4;2;0.48;"""4/4""";63;5;0;2;Eb7;A1
101.76;0.48;4;1;54;1;1;0.48;"""4/4""";75;5;0;2;Ab7;A1
102.24;0.24;4;2;54;2;1;0.48;"""4/4""";72;5;0;2;Ab7;A1
102.48;0.24;4;2;54;2;2;0.48;"""4/4""";66;5;0;2;Ab7;A1
103.44;0.24;4;2;54;4;2;0.48;"""4/4""";63;6;1;2;Ab7;A1
103.68;0.24;4;2;55;1;1;0.48;"""4/4""";67;6;0;2;Eb7;A1
103.92;0.24;4;2;55;1;2;0.48;"""4/4""";70;6;0;2;Eb7;A1
104.4;0.12;4;4;55;2;3;0.48;"""4/4""";70;6;0;2;Eb7;A1
104.52;0.12;4;4;55;2;4;0.48;"""4/4""";72;6;0;2;Eb7;A1
104.64;0.24;4;2;55;3;1;0.48;"""4/4""";67;6;0;2;Eb7;A1
104.88;0.24;4;2;55;3;2;0.48;"""4/4""";63;6;0;2;Eb7;A1
105.12;0.24;4;2;55;4;1;0.48;"""4/4""";65;6;0;2;Eb7;A1
105.36;0.24;4;2;55;4;2;0.48;"""4/4""";63;6;0;2;Eb7;A1
105.6;0.24;4;2;56;1;1;0.48;"""4/4""";67;6;0;2;Eb7;A1
105.84;0.24;4;2;56;1;2;0.48;"""4/4""";70;6;0;2;Eb7;A1
106.08;0.24;4;2;56;2;1;0.48;"""4/4""";72;6;0;2;Eb7;A1
106.32;0.24;4;2;56;2;2;0.48;"""4/4""";73;6;0;2;Eb7;A1
107.28;0.12;4;4;56;4;3;0.48;"""4/4""";63;6;0;2;Eb7;A1
107.4;0.12;4;4;56;4;4;0.48;"""4/4""";65;6;0;2;Eb7;A1
107.52;0.24;4;2;57;1;1;0.48;"""4/4""";66;6;0;2;Ab7;A1
107.76;0.24;4;2;57;1;2;0.48;"""4/4""";56;6;0;2;Ab7;A1
111.84;0.12;4;4;59;2;1;0.48;"""4/4""";72;7;1;2;Eb7;A1
111.96;0.12;4;4;59;2;2;0.48;"""4/4""";73;7;0;2;Eb7;A1
112.08;0.12;4;4;59;2;3;0.48;"""4/4""";69;7;0;2;Eb7;A1
112.2;0.12;4;4;59;2;4;0.48;"""4/4""";66;7;0;2;Eb7;A1
112.32;0.12;4;4;59;3;1;0.48;"""4/4""";63;7;0;2;Eb7;A1
112.44;0.12;4;4;59;3;2;0.48;"""4/4""";66;7;0;2;Eb7;A1
112.56;0.12;4;4;59;3;3;0.48;"""4/4""";69;7;0;2;Eb7;A1
112.68;0.12;4;4;59;3;4;0.48;"""4/4""";73;7;0;2;Eb7;A1
112.8;0.12;4;4;59;4;1;0.48;"""4/4""";72;7;0;2;Eb7;A1
112.92;0.12;4;4;59;4;2;0.48;"""4/4""";71;7;0;2;Eb7;A1
113.04;0.12;4;4;59;4;3;0.48;"""4/4""";70;7;0;2;Eb7;A1
113.16;0.12;4;4;59;4;4;0.48;"""4/4""";69;7;0;2;Eb7;A1
113.28;0.12;4;4;60;1;1;0.48;"""4/4""";68;7;0;2;Eb7;A1
113.4;0.12;4;4;60;1;2;0.48;"""4/4""";60;7;0;2;Eb7;A1
113.52;0.12;4;4;60;1;3;0.48;"""4/4""";70;7;0;2;Eb7;A1
113.64;0.12;4;4;60;1;4;0.48;"""4/4""";68;7;0;2;Eb7;A1
113.76;0.12;4;4;60;2;1;0.48;"""4/4""";67;7;0;2;Eb7;A1
113.88;0.12;4;4;60;2;2;0.48;"""4/4""";65;7;0;2;Eb7;A1
114.0;0.12;4;4;60;2;3;0.48;"""4/4""";63;7;0;2;Eb7;A1
114.12;0.12;4;4;60;2;4;0.48;"""4/4""";58;7;0;2;Eb7;A1
114.24;0.08;4;12;60;3;1;0.48;"""4/4""";62;7;0;2;Eb7;A1
114.32;0.08;4;12;60;3;3;0.48;"""4/4""";63;7;0;2;Eb7;A1
114.4;0.08;4;12;60;3;5;0.48;"""4/4""";64;7;0;2;Eb7;A1
114.48;0.12;4;12;60;3;7;0.48;"""4/4""";65;7;0;2;Eb7;A1
114.6;0.12;4;12;60;3;10;0.48;"""4/4""";62;7;0;2;Eb7;A1
114.72;0.12;4;4;60;4;1;0.48;"""4/4""";64;7;0;2;Eb7;A1
114.84;0.12;4;4;60;4;2;0.48;"""4/4""";61;7;0;2;Eb7;A1
114.96;0.12;4;4;60;4;3;0.48;"""4/4""";57;7;0;2;Eb7;A1
115.08;0.12;4;4;60;4;4;0.48;"""4/4""";54;7;0;2;Eb7;A1
115.2;0.08;4;12;61;1;1;0.48;"""4/4""";53;7;0;2;F-;A1
115.28;0.08;4;12;61;1;3;0.48;"""4/4""";56;7;0;2;F-;A1
115.36;0.08;4;12;61;1;5;0.48;"""4/4""";60;7;0;2;F-;A1
115.44;0.12;4;12;61;1;7;0.48;"""4/4""";63;7;0;2;F-;A1
115.56;0.12;4;12;61;1;10;0.48;"""4/4""";60;7;0;2;F-;A1
115.68;0.12;4;4;61;2;1;0.48;"""4/4""";61;7;0;2;F-;A1
115.8;0.12;4;4;61;2;2;0.48;"""4/4""";62;7;0;2;F-;A1
116.64;0.12;4;4;61;4;1;0.48;"""4/4""";70;8;1;2;F-;A1
116.76;0.12;4;4;61;4;2;0.48;"""4/4""";71;8;0;2;F-;A1
116.88;0.12;4;4;61;4;3;0.48;"""4/4""";72;8;0;2;F-;A1
117.0;0.12;4;4;61;4;4;0.48;"""4/4""";71;8;0;2;F-;A1
117.12;0.12;4;4;62;1;1;0.48;"""4/4""";70;8;0;2;Bb7;A1
117.24;0.12;4;4;62;1;2;0.48;"""4/4""";69;8;0;2;Bb7;A1
117.36;0.12;4;4;62;1;3;0.48;"""4/4""";68;8;0;2;Bb7;A1
117.48;0.12;4;4;62;1;4;0.48;"""4/4""";70;8;0;2;Bb7;A1
118.32;0.12;4;4;62;3;3;0.48;"""4/4""";68;9;1;2;Bb7;A1
118.44;0.12;4;4;62;3;4;0.48;"""4/4""";70;9;0;2;Bb7;A1
118.56;0.12;4;12;62;4;1;0.48;"""4/4""";66;9;0;2;Bb7;A1
118.68;0.12;4;12;62;4;4;0.48;"""4/4""";62;9;0;2;Bb7;A1
118.8;0.08;4;12;62;4;7;0.48;"""4/4""";58;9;0;2;Bb7;A1
118.88;0.08;4;12;62;4;9;0.48;"""4/4""";57;9;0;2;Bb7;A1
118.96;0.08;4;12;62;4;11;0.48;"""4/4""";56;9;0;2;Bb7;A1
119.16;0.12;4;4;63;1;2;0.48;"""4/4""";58;9;0;2;Eb7;A1
119.28;0.12;4;4;63;1;3;0.48;"""4/4""";55;9;0;2;Eb7;A1
119.4;0.12;4;4;63;1;4;0.48;"""4/4""";58;9;0;2;Eb7;A1
119.52;0.12;4;4;63;2;1;0.48;"""4/4""";67;9;0;2;Eb7;A1
119.64;0.12;4;4;63;2;2;0.48;"""4/4""";65;9;0;2;Eb7;A1
119.76;0.12;4;4;63;2;3;0.48;"""4/4""";63;9;0;2;Eb7;A1
119.88;0.12;4;4;63;2;4;0.48;"""4/4""";58;9;0;2;Eb7;A1
120.0;0.12;4;12;63;3;1;0.48;"""4/4""";61;9;0;2;Eb7;A1
120.12;0.12;4;12;63;3;4;0.48;"""4/4""";59;9;0;2;Eb7;A1
120.24;0.08;4;12;63;3;7;0.48;"""4/4""";60;9;0;2;Eb7;A1
120.32;0.08;4;12;63;3;9;0.48;"""4/4""";63;9;0;2;Eb7;A1
120.4;0.08;4;12;63;3;11;0.48;"""4/4""";67;9;0;2;Eb7;A1
120.48;0.12;4;4;63;4;1;0.48;"""4/4""";70;9;0;2;Eb7;A1
120.6;0.12;4;4;63;4;2;0.48;"""4/4""";68;9;0;2;Eb7;A1
120.72;0.12;4;4;63;4;3;0.48;"""4/4""";59;9;0;2;Eb7;A1
120.84;0.12;4;4;63;4;4;0.48;"""4/4""";57;9;0;2;Eb7;A1
120.96;0.12;4;4;64;1;1;0.48;"""4/4""";58;9;0;2;F-;A1
121.08;0.12;4;4;64;1;2;0.48;"""4/4""";68;9;0;2;F-;A1
121.2;0.12;4;4;64;1;3;0.48;"""4/4""";65;9;0;2;F-;A1
121.32;0.12;4;4;64;1;4;0.48;"""4/4""";66;9;0;2;F-;A1
121.44;0.12;4;4;64;2;1;0.48;"""4/4""";67;9;0;2;F-;A1
121.56;0.36;4;4;64;2;2;0.48;"""4/4""";63;9;0;2;F-;A1
122.4;0.08;4;12;64;4;1;0.48;"""4/4""";61;9;0;2;Bb7;A1
122.48;0.08;4;12;64;4;3;0.48;"""4/4""";63;9;0;2;Bb7;A1
122.56;0.08;4;12;64;4;5;0.48;"""4/4""";61;9;0;2;Bb7;A1
122.64;0.12;4;12;64;4;7;0.48;"""4/4""";58;9;0;2;Bb7;A1
122.76;0.12;4;12;64;4;10;0.48;"""4/4""";56;9;0;2;Bb7;A1
122.88;0.16;4;3;65;1;1;0.48;"""4/4""";55;9;0;2;Eb7;A1
123.04;0.16;4;3;65;1;2;0.48;"""4/4""";51;9;0;2;Eb7;A1
123.2;0.16;4;3;65;1;3;0.48;"""4/4""";51;9;0;2;Eb7;A1
123.36;0.48;4;1;65;2;1;0.48;"""4/4""";51;9;0;2;Eb7;A1
